20260830000000
20260901030500
20260901101225
20260901111514
20260901122330
20260902090000
20260902100000
20260902110000
20260902120000
20260902130000
20260902140000
20260902150000
20260902160000
20260907020106
20260907090000
20260907170500
20260907173000
20260908125034
20260909100000
20260909101443
20260910171110
20260910172909
20260910192947
20260910201008
20260910202237
20260913153338
20260914160000
20260914170000
20260914201223
20260915050000
20260915060000
20260915070000
20260915080000
20260915090000
20260915100000
20260915110000
20260915120000
20260915130000
20260915140000
20260915141000
20260915150000
20260915160000
20260915170000
20260915180000
20260915181000
20260915190000
20260915191000
20260915192000
20260915200000
20260916090000
20260916091000
20260916092000
20260916093000
20260916094000
20260916095000
20260916100000
20260916110000
20260916111000
20260916120000
20260916130000
20260916140000
20260916150000
20260916160000
20260916170000
20260916180000
20260916181000
20260916182000
20260916183000
20260916184000
20260916190000
20260916191000
20260916192000
20260916193000
20260916194000
20260916195000
20260916200000
20260916201000
20260916210000
20260916211000
20260916212000
20260916213000
20260916220000
20260916221000
20260916223000
20260916230000
20260916231000
20260916233000
20260916234000
20260916235000
20260917000000
20260917003000
20260917010000
20260917013000
20260917020000
20260917100000
20260917173000
20260917232000
20260918003000
20260918010000
20260918060000
20260918070000
20260918073000
20260918074500
20260918080000
20260918081500
20260918152200
20260918202526
20260918205719
20260918211436
20260918221109
20260919044014
20260919115041
20260919120145
20260919141114
20260920090000
20260920221500
20260921001000
20260921013000
20260921020000
20260921021000
20260921022000
20260921145500
20260921173000
20260921190000
20260921191000
20260921192000
20260921193000
20260921200000
20260922013000
20260922013100
20260922013200
20260922030000
20260922040000
20260922153000
20260922180000
20260922200000
20260922210000
20260922220000
20260922230000
20260922240000
20260922250000
20260922260000
20260922270000
20260922280000
20260922290000
20260922300000
20260922310000
20260922320000
20260923031500
20260923040000
20260923050000
20260923051000
20260923052000
20260923170000
20260924120000
20260924130000
20260924160000
20260925230000
20260926120000
20260926183000
20260926190000
20260928010000
20260928020000
20260928030000
20260928040000
20260928050000
20260928060000
20260928070000
20260928190000
